2019/06/23-17:13:40.723802 7f438f3b9700 RocksDB version: 5.5.1
2019/06/23-17:13:40.723824 7f438f3b9700 Git sha rocksdb_build_git_sha:
2019/06/23-17:13:40.723825 7f438f3b9700 Compile date Jul  5 2017
2019/06/23-17:13:40.723827 7f438f3b9700 DB SUMMARY
2019/06/23-17:13:40.723859 7f438f3b9700 CURRENT file:  CURRENT
2019/06/23-17:13:40.723860 7f438f3b9700 IDENTITY file:  IDENTITY
2019/06/23-17:13:40.723864 7f438f3b9700 MANIFEST file:  MANIFEST-000011 size: 104 Bytes
2019/06/23-17:13:40.723865 7f438f3b9700 SST files in ./localdb/slave1/150,200 dir, Total Num: 1, files: 000004.sst 
2019/06/23-17:13:40.723867 7f438f3b9700 Write Ahead Log file in ./localdb/slave1/150,200: 000012.log size: 0 ; 
2019/06/23-17:13:40.723868 7f438f3b9700                         Options.error_if_exists: 0
2019/06/23-17:13:40.723869 7f438f3b9700                       Options.create_if_missing: 1
2019/06/23-17:13:40.723870 7f438f3b9700                         Options.paranoid_checks: 1
2019/06/23-17:13:40.723871 7f438f3b9700                                     Options.env: 0x7f439cace9c0
2019/06/23-17:13:40.723872 7f438f3b9700                                Options.info_log: 0x7f4338033cb0
2019/06/23-17:13:40.723872 7f438f3b9700                Options.max_file_opening_threads: 16
2019/06/23-17:13:40.723873 7f438f3b9700                               Options.use_fsync: 0
2019/06/23-17:13:40.723874 7f438f3b9700                       Options.max_log_file_size: 0
2019/06/23-17:13:40.723875 7f438f3b9700                  Options.max_manifest_file_size: 18446744073709551615
2019/06/23-17:13:40.723875 7f438f3b9700                   Options.log_file_time_to_roll: 0
2019/06/23-17:13:40.723876 7f438f3b9700                       Options.keep_log_file_num: 1000
2019/06/23-17:13:40.723877 7f438f3b9700                    Options.recycle_log_file_num: 0
2019/06/23-17:13:40.723877 7f438f3b9700                         Options.allow_fallocate: 1
2019/06/23-17:13:40.723878 7f438f3b9700                        Options.allow_mmap_reads: 0
2019/06/23-17:13:40.723879 7f438f3b9700                       Options.allow_mmap_writes: 0
2019/06/23-17:13:40.723879 7f438f3b9700                        Options.use_direct_reads: 0
2019/06/23-17:13:40.723880 7f438f3b9700                        Options.use_direct_io_for_flush_and_compaction: 0
2019/06/23-17:13:40.723881 7f438f3b9700          Options.create_missing_column_families: 0
2019/06/23-17:13:40.723882 7f438f3b9700                              Options.db_log_dir: 
2019/06/23-17:13:40.723882 7f438f3b9700                                 Options.wal_dir: ./localdb/slave1/150,200
2019/06/23-17:13:40.723883 7f438f3b9700                Options.table_cache_numshardbits: 6
2019/06/23-17:13:40.723884 7f438f3b9700                      Options.max_subcompactions: 1
2019/06/23-17:13:40.723884 7f438f3b9700                  Options.max_background_flushes: 1
2019/06/23-17:13:40.723885 7f438f3b9700                         Options.WAL_ttl_seconds: 0
2019/06/23-17:13:40.723886 7f438f3b9700                       Options.WAL_size_limit_MB: 0
2019/06/23-17:13:40.723887 7f438f3b9700             Options.manifest_preallocation_size: 4194304
2019/06/23-17:13:40.723887 7f438f3b9700                     Options.is_fd_close_on_exec: 1
2019/06/23-17:13:40.723888 7f438f3b9700                   Options.advise_random_on_open: 1
2019/06/23-17:13:40.723889 7f438f3b9700                    Options.db_write_buffer_size: 0
2019/06/23-17:13:40.723889 7f438f3b9700         Options.access_hint_on_compaction_start: 1
2019/06/23-17:13:40.723890 7f438f3b9700  Options.new_table_reader_for_compaction_inputs: 0
2019/06/23-17:13:40.723891 7f438f3b9700               Options.compaction_readahead_size: 0
2019/06/23-17:13:40.723891 7f438f3b9700           Options.random_access_max_buffer_size: 1048576
2019/06/23-17:13:40.723892 7f438f3b9700           Options.writable_file_max_buffer_size: 1048576
2019/06/23-17:13:40.723893 7f438f3b9700                      Options.use_adaptive_mutex: 0
2019/06/23-17:13:40.723894 7f438f3b9700                            Options.rate_limiter: (nil)
2019/06/23-17:13:40.723895 7f438f3b9700     Options.sst_file_manager.rate_bytes_per_sec: 0
2019/06/23-17:13:40.723903 7f438f3b9700                          Options.bytes_per_sync: 0
2019/06/23-17:13:40.723904 7f438f3b9700                      Options.wal_bytes_per_sync: 0
2019/06/23-17:13:40.723905 7f438f3b9700                       Options.wal_recovery_mode: 2
2019/06/23-17:13:40.723905 7f438f3b9700                  Options.enable_thread_tracking: 0
2019/06/23-17:13:40.723906 7f438f3b9700                  Options.enable_pipelined_write: 0
2019/06/23-17:13:40.723907 7f438f3b9700         Options.allow_concurrent_memtable_write: 1
2019/06/23-17:13:40.723907 7f438f3b9700      Options.enable_write_thread_adaptive_yield: 1
2019/06/23-17:13:40.723908 7f438f3b9700             Options.write_thread_max_yield_usec: 100
2019/06/23-17:13:40.723909 7f438f3b9700            Options.write_thread_slow_yield_usec: 3
2019/06/23-17:13:40.723909 7f438f3b9700                               Options.row_cache: None
2019/06/23-17:13:40.723910 7f438f3b9700                              Options.wal_filter: None
2019/06/23-17:13:40.723911 7f438f3b9700             Options.avoid_flush_during_recovery: 0
2019/06/23-17:13:40.723912 7f438f3b9700             Options.allow_ingest_behind: 0
2019/06/23-17:13:40.723912 7f438f3b9700             Options.base_background_compactions: 1
2019/06/23-17:13:40.723913 7f438f3b9700             Options.max_background_compactions: 1
2019/06/23-17:13:40.723914 7f438f3b9700             Options.avoid_flush_during_shutdown: 0
2019/06/23-17:13:40.723914 7f438f3b9700             Options.delayed_write_rate : 16777216
2019/06/23-17:13:40.723915 7f438f3b9700             Options.max_total_wal_size: 0
2019/06/23-17:13:40.723916 7f438f3b9700             Options.delete_obsolete_files_period_micros: 21600000000
2019/06/23-17:13:40.723917 7f438f3b9700                   Options.stats_dump_period_sec: 600
2019/06/23-17:13:40.723917 7f438f3b9700                          Options.max_open_files: -1
2019/06/23-17:13:40.723918 7f438f3b9700 Compression algorithms supported:
2019/06/23-17:13:40.723919 7f438f3b9700 	Snappy supported: 1
2019/06/23-17:13:40.723920 7f438f3b9700 	Zlib supported: 1
2019/06/23-17:13:40.723920 7f438f3b9700 	Bzip supported: 1
2019/06/23-17:13:40.723921 7f438f3b9700 	LZ4 supported: 1
2019/06/23-17:13:40.723922 7f438f3b9700 	ZSTD supported: 1
2019/06/23-17:13:40.723923 7f438f3b9700 Fast CRC32 supported: 0
2019/06/23-17:13:40.724147 7f438f3b9700 [db/version_set.cc:2633] Recovering from manifest file: MANIFEST-000011
2019/06/23-17:13:40.724213 7f438f3b9700 [db/column_family.cc:414] --------------- Options for column family [default]:
2019/06/23-17:13:40.724215 7f438f3b9700               Options.comparator: leveldb.BytewiseComparator
2019/06/23-17:13:40.724216 7f438f3b9700           Options.merge_operator: None
2019/06/23-17:13:40.724217 7f438f3b9700        Options.compaction_filter: None
2019/06/23-17:13:40.724217 7f438f3b9700        Options.compaction_filter_factory: None
2019/06/23-17:13:40.724218 7f438f3b9700         Options.memtable_factory: SkipListFactory
2019/06/23-17:13:40.724219 7f438f3b9700            Options.table_factory: BlockBasedTable
2019/06/23-17:13:40.724231 7f438f3b9700            table_factory options:   flush_block_policy_factory: FlushBlockBySizePolicyFactory (0x7f43380307a0)
  cache_index_and_filter_blocks: 0
  cache_index_and_filter_blocks_with_high_priority: 0
  pin_l0_filter_and_index_blocks_in_cache: 0
  index_type: 0
  hash_index_allow_collision: 1
  checksum: 1
  no_block_cache: 0
  block_cache: 0x7f433802ff28
  block_cache_name: LRUCache
  block_cache_options:
    capacity : 8388608
    num_shard_bits : 4
    strict_capacity_limit : 0
    high_pri_pool_ratio: 0,000
  block_cache_compressed: (nil)
  persistent_cache: (nil)
  block_size: 4096
  block_size_deviation: 10
  block_restart_interval: 16
  index_block_restart_interval: 1
  filter_policy: nullptr
  whole_key_filtering: 1
  format_version: 2
2019/06/23-17:13:40.724232 7f438f3b9700        Options.write_buffer_size: 67108864
2019/06/23-17:13:40.724233 7f438f3b9700  Options.max_write_buffer_number: 2
2019/06/23-17:13:40.724233 7f438f3b9700          Options.compression: Snappy
2019/06/23-17:13:40.724244 7f438f3b9700                  Options.bottommost_compression: Disabled
2019/06/23-17:13:40.724245 7f438f3b9700       Options.prefix_extractor: nullptr
2019/06/23-17:13:40.724246 7f438f3b9700   Options.memtable_insert_with_hint_prefix_extractor: nullptr
2019/06/23-17:13:40.724247 7f438f3b9700             Options.num_levels: 7
2019/06/23-17:13:40.724247 7f438f3b9700        Options.min_write_buffer_number_to_merge: 1
2019/06/23-17:13:40.724248 7f438f3b9700     Options.max_write_buffer_number_to_maintain: 0
2019/06/23-17:13:40.724249 7f438f3b9700            Options.compression_opts.window_bits: -14
2019/06/23-17:13:40.724249 7f438f3b9700                  Options.compression_opts.level: -1
2019/06/23-17:13:40.724250 7f438f3b9700               Options.compression_opts.strategy: 0
2019/06/23-17:13:40.724251 7f438f3b9700         Options.compression_opts.max_dict_bytes: 0
2019/06/23-17:13:40.724251 7f438f3b9700      Options.level0_file_num_compaction_trigger: 4
2019/06/23-17:13:40.724252 7f438f3b9700          Options.level0_slowdown_writes_trigger: 20
2019/06/23-17:13:40.724253 7f438f3b9700              Options.level0_stop_writes_trigger: 36
2019/06/23-17:13:40.724254 7f438f3b9700                   Options.target_file_size_base: 67108864
2019/06/23-17:13:40.724254 7f438f3b9700             Options.target_file_size_multiplier: 1
2019/06/23-17:13:40.724255 7f438f3b9700                Options.max_bytes_for_level_base: 268435456
2019/06/23-17:13:40.724256 7f438f3b9700 Options.level_compaction_dynamic_level_bytes: 0
2019/06/23-17:13:40.724256 7f438f3b9700          Options.max_bytes_for_level_multiplier: 10,000000
2019/06/23-17:13:40.724258 7f438f3b9700 Options.max_bytes_for_level_multiplier_addtl[0]: 1
2019/06/23-17:13:40.724259 7f438f3b9700 Options.max_bytes_for_level_multiplier_addtl[1]: 1
2019/06/23-17:13:40.724260 7f438f3b9700 Options.max_bytes_for_level_multiplier_addtl[2]: 1
2019/06/23-17:13:40.724261 7f438f3b9700 Options.max_bytes_for_level_multiplier_addtl[3]: 1
2019/06/23-17:13:40.724261 7f438f3b9700 Options.max_bytes_for_level_multiplier_addtl[4]: 1
2019/06/23-17:13:40.724262 7f438f3b9700 Options.max_bytes_for_level_multiplier_addtl[5]: 1
2019/06/23-17:13:40.724263 7f438f3b9700 Options.max_bytes_for_level_multiplier_addtl[6]: 1
2019/06/23-17:13:40.724263 7f438f3b9700       Options.max_sequential_skip_in_iterations: 8
2019/06/23-17:13:40.724264 7f438f3b9700                    Options.max_compaction_bytes: 1677721600
2019/06/23-17:13:40.724265 7f438f3b9700                        Options.arena_block_size: 8388608
2019/06/23-17:13:40.724265 7f438f3b9700   Options.soft_pending_compaction_bytes_limit: 68719476736
2019/06/23-17:13:40.724266 7f438f3b9700   Options.hard_pending_compaction_bytes_limit: 274877906944
2019/06/23-17:13:40.724267 7f438f3b9700       Options.rate_limit_delay_max_milliseconds: 100
2019/06/23-17:13:40.724268 7f438f3b9700                Options.disable_auto_compactions: 0
2019/06/23-17:13:40.724269 7f438f3b9700                        Options.compaction_style: kCompactionStyleLevel
2019/06/23-17:13:40.724270 7f438f3b9700                          Options.compaction_pri: kByCompensatedSize
2019/06/23-17:13:40.724270 7f438f3b9700 Options.compaction_options_universal.size_ratio: 1
2019/06/23-17:13:40.724271 7f438f3b9700 Options.compaction_options_universal.min_merge_width: 2
2019/06/23-17:13:40.724272 7f438f3b9700 Options.compaction_options_universal.max_merge_width: 4294967295
2019/06/23-17:13:40.724273 7f438f3b9700 Options.compaction_options_universal.max_size_amplification_percent: 200
2019/06/23-17:13:40.724273 7f438f3b9700 Options.compaction_options_universal.compression_size_percent: -1
2019/06/23-17:13:40.724274 7f438f3b9700 Options.compaction_options_universal.stop_style: kCompactionStopStyleTotalSize
2019/06/23-17:13:40.724275 7f438f3b9700 Options.compaction_options_fifo.max_table_files_size: 1073741824
2019/06/23-17:13:40.724276 7f438f3b9700 Options.compaction_options_fifo.allow_compaction: 0
2019/06/23-17:13:40.724276 7f438f3b9700                   Options.table_properties_collectors: 
2019/06/23-17:13:40.724282 7f438f3b9700                   Options.inplace_update_support: 0
2019/06/23-17:13:40.724283 7f438f3b9700                 Options.inplace_update_num_locks: 10000
2019/06/23-17:13:40.724283 7f438f3b9700               Options.memtable_prefix_bloom_size_ratio: 0,000000
2019/06/23-17:13:40.724284 7f438f3b9700   Options.memtable_huge_page_size: 0
2019/06/23-17:13:40.724285 7f438f3b9700                           Options.bloom_locality: 0
2019/06/23-17:13:40.724286 7f438f3b9700                    Options.max_successive_merges: 0
2019/06/23-17:13:40.724286 7f438f3b9700                Options.optimize_filters_for_hits: 0
2019/06/23-17:13:40.724287 7f438f3b9700                Options.paranoid_file_checks: 0
2019/06/23-17:13:40.724288 7f438f3b9700                Options.force_consistency_checks: 0
2019/06/23-17:13:40.724288 7f438f3b9700                Options.report_bg_io_stats: 0
2019/06/23-17:13:40.725941 7f438f3b9700 [db/version_set.cc:2884] Recovered from manifest file:./localdb/slave1/150,200/MANIFEST-000011 succeeded,manifest_file_number is 11, next_file_number is 13, last_sequence is 1528, log_number is 0,prev_log_number is 0,max_column_family is 0
2019/06/23-17:13:40.725947 7f438f3b9700 [db/version_set.cc:2892] Column family [default] (ID 0), log number is 10
2019/06/23-17:13:40.726013 7f438f3b9700 EVENT_LOG_v1 {"time_micros": 1561306420726009, "job": 1, "event": "recovery_started", "log_files": [12]}
2019/06/23-17:13:40.726017 7f438f3b9700 [db/db_impl_open.cc:486] Recovering log #12 mode 2
2019/06/23-17:13:40.726102 7f438f3b9700 [db/version_set.cc:2419] Creating manifest 14
2019/06/23-17:13:40.727677 7f438f3b9700 EVENT_LOG_v1 {"time_micros": 1561306420727674, "job": 1, "event": "recovery_finished"}
2019/06/23-17:13:40.729889 7f438f3b9700 [db/db_impl_open.cc:1069] DB pointer 0x7f433804aee0
