2019/06/23-17:13:40.703196 7f438f3b9700 RocksDB version: 5.5.1
2019/06/23-17:13:40.703223 7f438f3b9700 Git sha rocksdb_build_git_sha:
2019/06/23-17:13:40.703224 7f438f3b9700 Compile date Jul  5 2017
2019/06/23-17:13:40.703227 7f438f3b9700 DB SUMMARY
2019/06/23-17:13:40.703274 7f438f3b9700 CURRENT file:  CURRENT
2019/06/23-17:13:40.703275 7f438f3b9700 IDENTITY file:  IDENTITY
2019/06/23-17:13:40.703279 7f438f3b9700 MANIFEST file:  MANIFEST-000011 size: 104 Bytes
2019/06/23-17:13:40.703281 7f438f3b9700 SST files in ./localdb/slave1/50,100 dir, Total Num: 1, files: 000004.sst 
2019/06/23-17:13:40.703283 7f438f3b9700 Write Ahead Log file in ./localdb/slave1/50,100: 000012.log size: 0 ; 
2019/06/23-17:13:40.703286 7f438f3b9700                         Options.error_if_exists: 0
2019/06/23-17:13:40.703287 7f438f3b9700                       Options.create_if_missing: 1
2019/06/23-17:13:40.703287 7f438f3b9700                         Options.paranoid_checks: 1
2019/06/23-17:13:40.703288 7f438f3b9700                                     Options.env: 0x7f439cace9c0
2019/06/23-17:13:40.703289 7f438f3b9700                                Options.info_log: 0x7f4338023650
2019/06/23-17:13:40.703290 7f438f3b9700                Options.max_file_opening_threads: 16
2019/06/23-17:13:40.703290 7f438f3b9700                               Options.use_fsync: 0
2019/06/23-17:13:40.703291 7f438f3b9700                       Options.max_log_file_size: 0
2019/06/23-17:13:40.703292 7f438f3b9700                  Options.max_manifest_file_size: 18446744073709551615
2019/06/23-17:13:40.703293 7f438f3b9700                   Options.log_file_time_to_roll: 0
2019/06/23-17:13:40.703293 7f438f3b9700                       Options.keep_log_file_num: 1000
2019/06/23-17:13:40.703294 7f438f3b9700                    Options.recycle_log_file_num: 0
2019/06/23-17:13:40.703295 7f438f3b9700                         Options.allow_fallocate: 1
2019/06/23-17:13:40.703296 7f438f3b9700                        Options.allow_mmap_reads: 0
2019/06/23-17:13:40.703296 7f438f3b9700                       Options.allow_mmap_writes: 0
2019/06/23-17:13:40.703297 7f438f3b9700                        Options.use_direct_reads: 0
2019/06/23-17:13:40.703298 7f438f3b9700                        Options.use_direct_io_for_flush_and_compaction: 0
2019/06/23-17:13:40.703298 7f438f3b9700          Options.create_missing_column_families: 0
2019/06/23-17:13:40.703299 7f438f3b9700                              Options.db_log_dir: 
2019/06/23-17:13:40.703300 7f438f3b9700                                 Options.wal_dir: ./localdb/slave1/50,100
2019/06/23-17:13:40.703301 7f438f3b9700                Options.table_cache_numshardbits: 6
2019/06/23-17:13:40.703301 7f438f3b9700                      Options.max_subcompactions: 1
2019/06/23-17:13:40.703302 7f438f3b9700                  Options.max_background_flushes: 1
2019/06/23-17:13:40.703303 7f438f3b9700                         Options.WAL_ttl_seconds: 0
2019/06/23-17:13:40.703304 7f438f3b9700                       Options.WAL_size_limit_MB: 0
2019/06/23-17:13:40.703304 7f438f3b9700             Options.manifest_preallocation_size: 4194304
2019/06/23-17:13:40.703305 7f438f3b9700                     Options.is_fd_close_on_exec: 1
2019/06/23-17:13:40.703306 7f438f3b9700                   Options.advise_random_on_open: 1
2019/06/23-17:13:40.703307 7f438f3b9700                    Options.db_write_buffer_size: 0
2019/06/23-17:13:40.703307 7f438f3b9700         Options.access_hint_on_compaction_start: 1
2019/06/23-17:13:40.703308 7f438f3b9700  Options.new_table_reader_for_compaction_inputs: 0
2019/06/23-17:13:40.703309 7f438f3b9700               Options.compaction_readahead_size: 0
2019/06/23-17:13:40.703309 7f438f3b9700           Options.random_access_max_buffer_size: 1048576
2019/06/23-17:13:40.703310 7f438f3b9700           Options.writable_file_max_buffer_size: 1048576
2019/06/23-17:13:40.703311 7f438f3b9700                      Options.use_adaptive_mutex: 0
2019/06/23-17:13:40.703312 7f438f3b9700                            Options.rate_limiter: (nil)
2019/06/23-17:13:40.703313 7f438f3b9700     Options.sst_file_manager.rate_bytes_per_sec: 0
2019/06/23-17:13:40.703325 7f438f3b9700                          Options.bytes_per_sync: 0
2019/06/23-17:13:40.703326 7f438f3b9700                      Options.wal_bytes_per_sync: 0
2019/06/23-17:13:40.703327 7f438f3b9700                       Options.wal_recovery_mode: 2
2019/06/23-17:13:40.703327 7f438f3b9700                  Options.enable_thread_tracking: 0
2019/06/23-17:13:40.703328 7f438f3b9700                  Options.enable_pipelined_write: 0
2019/06/23-17:13:40.703329 7f438f3b9700         Options.allow_concurrent_memtable_write: 1
2019/06/23-17:13:40.703329 7f438f3b9700      Options.enable_write_thread_adaptive_yield: 1
2019/06/23-17:13:40.703330 7f438f3b9700             Options.write_thread_max_yield_usec: 100
2019/06/23-17:13:40.703331 7f438f3b9700            Options.write_thread_slow_yield_usec: 3
2019/06/23-17:13:40.703332 7f438f3b9700                               Options.row_cache: None
2019/06/23-17:13:40.703332 7f438f3b9700                              Options.wal_filter: None
2019/06/23-17:13:40.703333 7f438f3b9700             Options.avoid_flush_during_recovery: 0
2019/06/23-17:13:40.703334 7f438f3b9700             Options.allow_ingest_behind: 0
2019/06/23-17:13:40.703335 7f438f3b9700             Options.base_background_compactions: 1
2019/06/23-17:13:40.703336 7f438f3b9700             Options.max_background_compactions: 1
2019/06/23-17:13:40.703337 7f438f3b9700             Options.avoid_flush_during_shutdown: 0
2019/06/23-17:13:40.703337 7f438f3b9700             Options.delayed_write_rate : 16777216
2019/06/23-17:13:40.703338 7f438f3b9700             Options.max_total_wal_size: 0
2019/06/23-17:13:40.703339 7f438f3b9700             Options.delete_obsolete_files_period_micros: 21600000000
2019/06/23-17:13:40.703340 7f438f3b9700                   Options.stats_dump_period_sec: 600
2019/06/23-17:13:40.703341 7f438f3b9700                          Options.max_open_files: -1
2019/06/23-17:13:40.703342 7f438f3b9700 Compression algorithms supported:
2019/06/23-17:13:40.703342 7f438f3b9700 	Snappy supported: 1
2019/06/23-17:13:40.703343 7f438f3b9700 	Zlib supported: 1
2019/06/23-17:13:40.703344 7f438f3b9700 	Bzip supported: 1
2019/06/23-17:13:40.703345 7f438f3b9700 	LZ4 supported: 1
2019/06/23-17:13:40.703350 7f438f3b9700 	ZSTD supported: 1
2019/06/23-17:13:40.703351 7f438f3b9700 Fast CRC32 supported: 0
2019/06/23-17:13:40.715613 7f438f3b9700 [db/version_set.cc:2633] Recovering from manifest file: MANIFEST-000011
2019/06/23-17:13:40.715775 7f438f3b9700 [db/column_family.cc:414] --------------- Options for column family [default]:
2019/06/23-17:13:40.715779 7f438f3b9700               Options.comparator: leveldb.BytewiseComparator
2019/06/23-17:13:40.715780 7f438f3b9700           Options.merge_operator: None
2019/06/23-17:13:40.715781 7f438f3b9700        Options.compaction_filter: None
2019/06/23-17:13:40.715781 7f438f3b9700        Options.compaction_filter_factory: None
2019/06/23-17:13:40.715782 7f438f3b9700         Options.memtable_factory: SkipListFactory
2019/06/23-17:13:40.715783 7f438f3b9700            Options.table_factory: BlockBasedTable
2019/06/23-17:13:40.715796 7f438f3b9700            table_factory options:   flush_block_policy_factory: FlushBlockBySizePolicyFactory (0x7f433800fd10)
  cache_index_and_filter_blocks: 0
  cache_index_and_filter_blocks_with_high_priority: 0
  pin_l0_filter_and_index_blocks_in_cache: 0
  index_type: 0
  hash_index_allow_collision: 1
  checksum: 1
  no_block_cache: 0
  block_cache: 0x7f43380107e8
  block_cache_name: LRUCache
  block_cache_options:
    capacity : 8388608
    num_shard_bits : 4
    strict_capacity_limit : 0
    high_pri_pool_ratio: 0,000
  block_cache_compressed: (nil)
  persistent_cache: (nil)
  block_size: 4096
  block_size_deviation: 10
  block_restart_interval: 16
  index_block_restart_interval: 1
  filter_policy: nullptr
  whole_key_filtering: 1
  format_version: 2
2019/06/23-17:13:40.715798 7f438f3b9700        Options.write_buffer_size: 67108864
2019/06/23-17:13:40.715798 7f438f3b9700  Options.max_write_buffer_number: 2
2019/06/23-17:13:40.715799 7f438f3b9700          Options.compression: Snappy
2019/06/23-17:13:40.715823 7f438f3b9700                  Options.bottommost_compression: Disabled
2019/06/23-17:13:40.715824 7f438f3b9700       Options.prefix_extractor: nullptr
2019/06/23-17:13:40.715825 7f438f3b9700   Options.memtable_insert_with_hint_prefix_extractor: nullptr
2019/06/23-17:13:40.715826 7f438f3b9700             Options.num_levels: 7
2019/06/23-17:13:40.715827 7f438f3b9700        Options.min_write_buffer_number_to_merge: 1
2019/06/23-17:13:40.715827 7f438f3b9700     Options.max_write_buffer_number_to_maintain: 0
2019/06/23-17:13:40.715828 7f438f3b9700            Options.compression_opts.window_bits: -14
2019/06/23-17:13:40.715829 7f438f3b9700                  Options.compression_opts.level: -1
2019/06/23-17:13:40.715830 7f438f3b9700               Options.compression_opts.strategy: 0
2019/06/23-17:13:40.715830 7f438f3b9700         Options.compression_opts.max_dict_bytes: 0
2019/06/23-17:13:40.715831 7f438f3b9700      Options.level0_file_num_compaction_trigger: 4
2019/06/23-17:13:40.715832 7f438f3b9700          Options.level0_slowdown_writes_trigger: 20
2019/06/23-17:13:40.715833 7f438f3b9700              Options.level0_stop_writes_trigger: 36
2019/06/23-17:13:40.715833 7f438f3b9700                   Options.target_file_size_base: 67108864
2019/06/23-17:13:40.715834 7f438f3b9700             Options.target_file_size_multiplier: 1
2019/06/23-17:13:40.715835 7f438f3b9700                Options.max_bytes_for_level_base: 268435456
2019/06/23-17:13:40.715836 7f438f3b9700 Options.level_compaction_dynamic_level_bytes: 0
2019/06/23-17:13:40.715836 7f438f3b9700          Options.max_bytes_for_level_multiplier: 10,000000
2019/06/23-17:13:40.715838 7f438f3b9700 Options.max_bytes_for_level_multiplier_addtl[0]: 1
2019/06/23-17:13:40.715839 7f438f3b9700 Options.max_bytes_for_level_multiplier_addtl[1]: 1
2019/06/23-17:13:40.715840 7f438f3b9700 Options.max_bytes_for_level_multiplier_addtl[2]: 1
2019/06/23-17:13:40.715841 7f438f3b9700 Options.max_bytes_for_level_multiplier_addtl[3]: 1
2019/06/23-17:13:40.715841 7f438f3b9700 Options.max_bytes_for_level_multiplier_addtl[4]: 1
2019/06/23-17:13:40.715842 7f438f3b9700 Options.max_bytes_for_level_multiplier_addtl[5]: 1
2019/06/23-17:13:40.715843 7f438f3b9700 Options.max_bytes_for_level_multiplier_addtl[6]: 1
2019/06/23-17:13:40.715844 7f438f3b9700       Options.max_sequential_skip_in_iterations: 8
2019/06/23-17:13:40.715844 7f438f3b9700                    Options.max_compaction_bytes: 1677721600
2019/06/23-17:13:40.715845 7f438f3b9700                        Options.arena_block_size: 8388608
2019/06/23-17:13:40.715846 7f438f3b9700   Options.soft_pending_compaction_bytes_limit: 68719476736
2019/06/23-17:13:40.715847 7f438f3b9700   Options.hard_pending_compaction_bytes_limit: 274877906944
2019/06/23-17:13:40.715847 7f438f3b9700       Options.rate_limit_delay_max_milliseconds: 100
2019/06/23-17:13:40.715848 7f438f3b9700                Options.disable_auto_compactions: 0
2019/06/23-17:13:40.715849 7f438f3b9700                        Options.compaction_style: kCompactionStyleLevel
2019/06/23-17:13:40.715851 7f438f3b9700                          Options.compaction_pri: kByCompensatedSize
2019/06/23-17:13:40.715851 7f438f3b9700 Options.compaction_options_universal.size_ratio: 1
2019/06/23-17:13:40.715852 7f438f3b9700 Options.compaction_options_universal.min_merge_width: 2
2019/06/23-17:13:40.715853 7f438f3b9700 Options.compaction_options_universal.max_merge_width: 4294967295
2019/06/23-17:13:40.715853 7f438f3b9700 Options.compaction_options_universal.max_size_amplification_percent: 200
2019/06/23-17:13:40.715854 7f438f3b9700 Options.compaction_options_universal.compression_size_percent: -1
2019/06/23-17:13:40.715855 7f438f3b9700 Options.compaction_options_universal.stop_style: kCompactionStopStyleTotalSize
2019/06/23-17:13:40.715856 7f438f3b9700 Options.compaction_options_fifo.max_table_files_size: 1073741824
2019/06/23-17:13:40.715856 7f438f3b9700 Options.compaction_options_fifo.allow_compaction: 0
2019/06/23-17:13:40.715857 7f438f3b9700                   Options.table_properties_collectors: 
2019/06/23-17:13:40.715863 7f438f3b9700                   Options.inplace_update_support: 0
2019/06/23-17:13:40.715864 7f438f3b9700                 Options.inplace_update_num_locks: 10000
2019/06/23-17:13:40.715865 7f438f3b9700               Options.memtable_prefix_bloom_size_ratio: 0,000000
2019/06/23-17:13:40.715866 7f438f3b9700   Options.memtable_huge_page_size: 0
2019/06/23-17:13:40.715867 7f438f3b9700                           Options.bloom_locality: 0
2019/06/23-17:13:40.715868 7f438f3b9700                    Options.max_successive_merges: 0
2019/06/23-17:13:40.715868 7f438f3b9700                Options.optimize_filters_for_hits: 0
2019/06/23-17:13:40.715869 7f438f3b9700                Options.paranoid_file_checks: 0
2019/06/23-17:13:40.715870 7f438f3b9700                Options.force_consistency_checks: 0
2019/06/23-17:13:40.715870 7f438f3b9700                Options.report_bg_io_stats: 0
2019/06/23-17:13:40.716699 7f438f3b9700 [db/version_set.cc:2884] Recovered from manifest file:./localdb/slave1/50,100/MANIFEST-000011 succeeded,manifest_file_number is 11, next_file_number is 13, last_sequence is 1527, log_number is 0,prev_log_number is 0,max_column_family is 0
2019/06/23-17:13:40.716706 7f438f3b9700 [db/version_set.cc:2892] Column family [default] (ID 0), log number is 10
2019/06/23-17:13:40.716840 7f438f3b9700 EVENT_LOG_v1 {"time_micros": 1561306420716823, "job": 1, "event": "recovery_started", "log_files": [12]}
2019/06/23-17:13:40.716849 7f438f3b9700 [db/db_impl_open.cc:486] Recovering log #12 mode 2
2019/06/23-17:13:40.716974 7f438f3b9700 [db/version_set.cc:2419] Creating manifest 14
2019/06/23-17:13:40.720274 7f438f3b9700 EVENT_LOG_v1 {"time_micros": 1561306420720268, "job": 1, "event": "recovery_finished"}
2019/06/23-17:13:40.722749 7f438f3b9700 [db/db_impl_open.cc:1069] DB pointer 0x7f4338023e60
