2019/06/23-17:13:40.757410 7f438f3b9700 RocksDB version: 5.5.1
2019/06/23-17:13:40.757441 7f438f3b9700 Git sha rocksdb_build_git_sha:
2019/06/23-17:13:40.757444 7f438f3b9700 Compile date Jul  5 2017
2019/06/23-17:13:40.757446 7f438f3b9700 DB SUMMARY
2019/06/23-17:13:40.757497 7f438f3b9700 CURRENT file:  CURRENT
2019/06/23-17:13:40.757499 7f438f3b9700 IDENTITY file:  IDENTITY
2019/06/23-17:13:40.757505 7f438f3b9700 MANIFEST file:  MANIFEST-000011 size: 104 Bytes
2019/06/23-17:13:40.757507 7f438f3b9700 SST files in ./localdb/slave1/400,9223372036854775807 dir, Total Num: 1, files: 000004.sst 
2019/06/23-17:13:40.757509 7f438f3b9700 Write Ahead Log file in ./localdb/slave1/400,9223372036854775807: 000012.log size: 0 ; 
2019/06/23-17:13:40.757512 7f438f3b9700                         Options.error_if_exists: 0
2019/06/23-17:13:40.757514 7f438f3b9700                       Options.create_if_missing: 1
2019/06/23-17:13:40.757515 7f438f3b9700                         Options.paranoid_checks: 1
2019/06/23-17:13:40.757517 7f438f3b9700                                     Options.env: 0x7f439cace9c0
2019/06/23-17:13:40.757518 7f438f3b9700                                Options.info_log: 0x7f43380dfeb0
2019/06/23-17:13:40.757519 7f438f3b9700                Options.max_file_opening_threads: 16
2019/06/23-17:13:40.757521 7f438f3b9700                               Options.use_fsync: 0
2019/06/23-17:13:40.757522 7f438f3b9700                       Options.max_log_file_size: 0
2019/06/23-17:13:40.757523 7f438f3b9700                  Options.max_manifest_file_size: 18446744073709551615
2019/06/23-17:13:40.757525 7f438f3b9700                   Options.log_file_time_to_roll: 0
2019/06/23-17:13:40.757526 7f438f3b9700                       Options.keep_log_file_num: 1000
2019/06/23-17:13:40.757527 7f438f3b9700                    Options.recycle_log_file_num: 0
2019/06/23-17:13:40.757529 7f438f3b9700                         Options.allow_fallocate: 1
2019/06/23-17:13:40.757530 7f438f3b9700                        Options.allow_mmap_reads: 0
2019/06/23-17:13:40.757531 7f438f3b9700                       Options.allow_mmap_writes: 0
2019/06/23-17:13:40.757533 7f438f3b9700                        Options.use_direct_reads: 0
2019/06/23-17:13:40.757534 7f438f3b9700                        Options.use_direct_io_for_flush_and_compaction: 0
2019/06/23-17:13:40.757535 7f438f3b9700          Options.create_missing_column_families: 0
2019/06/23-17:13:40.757537 7f438f3b9700                              Options.db_log_dir: 
2019/06/23-17:13:40.757538 7f438f3b9700                                 Options.wal_dir: ./localdb/slave1/400,9223372036854775807
2019/06/23-17:13:40.757539 7f438f3b9700                Options.table_cache_numshardbits: 6
2019/06/23-17:13:40.757540 7f438f3b9700                      Options.max_subcompactions: 1
2019/06/23-17:13:40.757541 7f438f3b9700                  Options.max_background_flushes: 1
2019/06/23-17:13:40.757543 7f438f3b9700                         Options.WAL_ttl_seconds: 0
2019/06/23-17:13:40.757544 7f438f3b9700                       Options.WAL_size_limit_MB: 0
2019/06/23-17:13:40.757545 7f438f3b9700             Options.manifest_preallocation_size: 4194304
2019/06/23-17:13:40.757547 7f438f3b9700                     Options.is_fd_close_on_exec: 1
2019/06/23-17:13:40.757548 7f438f3b9700                   Options.advise_random_on_open: 1
2019/06/23-17:13:40.757549 7f438f3b9700                    Options.db_write_buffer_size: 0
2019/06/23-17:13:40.757550 7f438f3b9700         Options.access_hint_on_compaction_start: 1
2019/06/23-17:13:40.757552 7f438f3b9700  Options.new_table_reader_for_compaction_inputs: 0
2019/06/23-17:13:40.757553 7f438f3b9700               Options.compaction_readahead_size: 0
2019/06/23-17:13:40.757554 7f438f3b9700           Options.random_access_max_buffer_size: 1048576
2019/06/23-17:13:40.757556 7f438f3b9700           Options.writable_file_max_buffer_size: 1048576
2019/06/23-17:13:40.757557 7f438f3b9700                      Options.use_adaptive_mutex: 0
2019/06/23-17:13:40.757558 7f438f3b9700                            Options.rate_limiter: (nil)
2019/06/23-17:13:40.757560 7f438f3b9700     Options.sst_file_manager.rate_bytes_per_sec: 0
2019/06/23-17:13:40.757575 7f438f3b9700                          Options.bytes_per_sync: 0
2019/06/23-17:13:40.757576 7f438f3b9700                      Options.wal_bytes_per_sync: 0
2019/06/23-17:13:40.757578 7f438f3b9700                       Options.wal_recovery_mode: 2
2019/06/23-17:13:40.757579 7f438f3b9700                  Options.enable_thread_tracking: 0
2019/06/23-17:13:40.757580 7f438f3b9700                  Options.enable_pipelined_write: 0
2019/06/23-17:13:40.757581 7f438f3b9700         Options.allow_concurrent_memtable_write: 1
2019/06/23-17:13:40.757583 7f438f3b9700      Options.enable_write_thread_adaptive_yield: 1
2019/06/23-17:13:40.757584 7f438f3b9700             Options.write_thread_max_yield_usec: 100
2019/06/23-17:13:40.757585 7f438f3b9700            Options.write_thread_slow_yield_usec: 3
2019/06/23-17:13:40.757586 7f438f3b9700                               Options.row_cache: None
2019/06/23-17:13:40.757588 7f438f3b9700                              Options.wal_filter: None
2019/06/23-17:13:40.757589 7f438f3b9700             Options.avoid_flush_during_recovery: 0
2019/06/23-17:13:40.757590 7f438f3b9700             Options.allow_ingest_behind: 0
2019/06/23-17:13:40.757592 7f438f3b9700             Options.base_background_compactions: 1
2019/06/23-17:13:40.757593 7f438f3b9700             Options.max_background_compactions: 1
2019/06/23-17:13:40.757594 7f438f3b9700             Options.avoid_flush_during_shutdown: 0
2019/06/23-17:13:40.757595 7f438f3b9700             Options.delayed_write_rate : 16777216
2019/06/23-17:13:40.757597 7f438f3b9700             Options.max_total_wal_size: 0
2019/06/23-17:13:40.757598 7f438f3b9700             Options.delete_obsolete_files_period_micros: 21600000000
2019/06/23-17:13:40.757600 7f438f3b9700                   Options.stats_dump_period_sec: 600
2019/06/23-17:13:40.757601 7f438f3b9700                          Options.max_open_files: -1
2019/06/23-17:13:40.757603 7f438f3b9700 Compression algorithms supported:
2019/06/23-17:13:40.757604 7f438f3b9700 	Snappy supported: 1
2019/06/23-17:13:40.757605 7f438f3b9700 	Zlib supported: 1
2019/06/23-17:13:40.757607 7f438f3b9700 	Bzip supported: 1
2019/06/23-17:13:40.757608 7f438f3b9700 	LZ4 supported: 1
2019/06/23-17:13:40.757610 7f438f3b9700 	ZSTD supported: 1
2019/06/23-17:13:40.757611 7f438f3b9700 Fast CRC32 supported: 0
2019/06/23-17:13:40.757901 7f438f3b9700 [db/version_set.cc:2633] Recovering from manifest file: MANIFEST-000011
2019/06/23-17:13:40.758000 7f438f3b9700 [db/column_family.cc:414] --------------- Options for column family [default]:
2019/06/23-17:13:40.758004 7f438f3b9700               Options.comparator: leveldb.BytewiseComparator
2019/06/23-17:13:40.758006 7f438f3b9700           Options.merge_operator: None
2019/06/23-17:13:40.758007 7f438f3b9700        Options.compaction_filter: None
2019/06/23-17:13:40.758008 7f438f3b9700        Options.compaction_filter_factory: None
2019/06/23-17:13:40.758010 7f438f3b9700         Options.memtable_factory: SkipListFactory
2019/06/23-17:13:40.758011 7f438f3b9700            Options.table_factory: BlockBasedTable
2019/06/23-17:13:40.758040 7f438f3b9700            table_factory options:   flush_block_policy_factory: FlushBlockBySizePolicyFactory (0x7f4338118830)
  cache_index_and_filter_blocks: 0
  cache_index_and_filter_blocks_with_high_priority: 0
  pin_l0_filter_and_index_blocks_in_cache: 0
  index_type: 0
  hash_index_allow_collision: 1
  checksum: 1
  no_block_cache: 0
  block_cache: 0x7f43380e5cf8
  block_cache_name: LRUCache
  block_cache_options:
    capacity : 8388608
    num_shard_bits : 4
    strict_capacity_limit : 0
    high_pri_pool_ratio: 0,000
  block_cache_compressed: (nil)
  persistent_cache: (nil)
  block_size: 4096
  block_size_deviation: 10
  block_restart_interval: 16
  index_block_restart_interval: 1
  filter_policy: nullptr
  whole_key_filtering: 1
  format_version: 2
2019/06/23-17:13:40.758043 7f438f3b9700        Options.write_buffer_size: 67108864
2019/06/23-17:13:40.758045 7f438f3b9700  Options.max_write_buffer_number: 2
2019/06/23-17:13:40.758059 7f438f3b9700          Options.compression: Snappy
2019/06/23-17:13:40.758061 7f438f3b9700                  Options.bottommost_compression: Disabled
2019/06/23-17:13:40.758062 7f438f3b9700       Options.prefix_extractor: nullptr
2019/06/23-17:13:40.758064 7f438f3b9700   Options.memtable_insert_with_hint_prefix_extractor: nullptr
2019/06/23-17:13:40.758065 7f438f3b9700             Options.num_levels: 7
2019/06/23-17:13:40.758066 7f438f3b9700        Options.min_write_buffer_number_to_merge: 1
2019/06/23-17:13:40.758067 7f438f3b9700     Options.max_write_buffer_number_to_maintain: 0
2019/06/23-17:13:40.758068 7f438f3b9700            Options.compression_opts.window_bits: -14
2019/06/23-17:13:40.758070 7f438f3b9700                  Options.compression_opts.level: -1
2019/06/23-17:13:40.758071 7f438f3b9700               Options.compression_opts.strategy: 0
2019/06/23-17:13:40.758072 7f438f3b9700         Options.compression_opts.max_dict_bytes: 0
2019/06/23-17:13:40.758073 7f438f3b9700      Options.level0_file_num_compaction_trigger: 4
2019/06/23-17:13:40.758075 7f438f3b9700          Options.level0_slowdown_writes_trigger: 20
2019/06/23-17:13:40.758076 7f438f3b9700              Options.level0_stop_writes_trigger: 36
2019/06/23-17:13:40.758077 7f438f3b9700                   Options.target_file_size_base: 67108864
2019/06/23-17:13:40.758078 7f438f3b9700             Options.target_file_size_multiplier: 1
2019/06/23-17:13:40.758080 7f438f3b9700                Options.max_bytes_for_level_base: 268435456
2019/06/23-17:13:40.758081 7f438f3b9700 Options.level_compaction_dynamic_level_bytes: 0
2019/06/23-17:13:40.758082 7f438f3b9700          Options.max_bytes_for_level_multiplier: 10,000000
2019/06/23-17:13:40.758086 7f438f3b9700 Options.max_bytes_for_level_multiplier_addtl[0]: 1
2019/06/23-17:13:40.758087 7f438f3b9700 Options.max_bytes_for_level_multiplier_addtl[1]: 1
2019/06/23-17:13:40.758089 7f438f3b9700 Options.max_bytes_for_level_multiplier_addtl[2]: 1
2019/06/23-17:13:40.758090 7f438f3b9700 Options.max_bytes_for_level_multiplier_addtl[3]: 1
2019/06/23-17:13:40.758091 7f438f3b9700 Options.max_bytes_for_level_multiplier_addtl[4]: 1
2019/06/23-17:13:40.758093 7f438f3b9700 Options.max_bytes_for_level_multiplier_addtl[5]: 1
2019/06/23-17:13:40.758094 7f438f3b9700 Options.max_bytes_for_level_multiplier_addtl[6]: 1
2019/06/23-17:13:40.758096 7f438f3b9700       Options.max_sequential_skip_in_iterations: 8
2019/06/23-17:13:40.758097 7f438f3b9700                    Options.max_compaction_bytes: 1677721600
2019/06/23-17:13:40.758098 7f438f3b9700                        Options.arena_block_size: 8388608
2019/06/23-17:13:40.758100 7f438f3b9700   Options.soft_pending_compaction_bytes_limit: 68719476736
2019/06/23-17:13:40.758101 7f438f3b9700   Options.hard_pending_compaction_bytes_limit: 274877906944
2019/06/23-17:13:40.758102 7f438f3b9700       Options.rate_limit_delay_max_milliseconds: 100
2019/06/23-17:13:40.758104 7f438f3b9700                Options.disable_auto_compactions: 0
2019/06/23-17:13:40.758106 7f438f3b9700                        Options.compaction_style: kCompactionStyleLevel
2019/06/23-17:13:40.758107 7f438f3b9700                          Options.compaction_pri: kByCompensatedSize
2019/06/23-17:13:40.758109 7f438f3b9700 Options.compaction_options_universal.size_ratio: 1
2019/06/23-17:13:40.758110 7f438f3b9700 Options.compaction_options_universal.min_merge_width: 2
2019/06/23-17:13:40.758111 7f438f3b9700 Options.compaction_options_universal.max_merge_width: 4294967295
2019/06/23-17:13:40.758113 7f438f3b9700 Options.compaction_options_universal.max_size_amplification_percent: 200
2019/06/23-17:13:40.758114 7f438f3b9700 Options.compaction_options_universal.compression_size_percent: -1
2019/06/23-17:13:40.758115 7f438f3b9700 Options.compaction_options_universal.stop_style: kCompactionStopStyleTotalSize
2019/06/23-17:13:40.758117 7f438f3b9700 Options.compaction_options_fifo.max_table_files_size: 1073741824
2019/06/23-17:13:40.758118 7f438f3b9700 Options.compaction_options_fifo.allow_compaction: 0
2019/06/23-17:13:40.758129 7f438f3b9700                   Options.table_properties_collectors: 
2019/06/23-17:13:40.758130 7f438f3b9700                   Options.inplace_update_support: 0
2019/06/23-17:13:40.758131 7f438f3b9700                 Options.inplace_update_num_locks: 10000
2019/06/23-17:13:40.758133 7f438f3b9700               Options.memtable_prefix_bloom_size_ratio: 0,000000
2019/06/23-17:13:40.758135 7f438f3b9700   Options.memtable_huge_page_size: 0
2019/06/23-17:13:40.758136 7f438f3b9700                           Options.bloom_locality: 0
2019/06/23-17:13:40.758137 7f438f3b9700                    Options.max_successive_merges: 0
2019/06/23-17:13:40.758138 7f438f3b9700                Options.optimize_filters_for_hits: 0
2019/06/23-17:13:40.758140 7f438f3b9700                Options.paranoid_file_checks: 0
2019/06/23-17:13:40.758141 7f438f3b9700                Options.force_consistency_checks: 0
2019/06/23-17:13:40.758142 7f438f3b9700                Options.report_bg_io_stats: 0
2019/06/23-17:13:40.759568 7f438f3b9700 [db/version_set.cc:2884] Recovered from manifest file:./localdb/slave1/400,9223372036854775807/MANIFEST-000011 succeeded,manifest_file_number is 11, next_file_number is 13, last_sequence is 12971, log_number is 0,prev_log_number is 0,max_column_family is 0
2019/06/23-17:13:40.759574 7f438f3b9700 [db/version_set.cc:2892] Column family [default] (ID 0), log number is 10
2019/06/23-17:13:40.759649 7f438f3b9700 EVENT_LOG_v1 {"time_micros": 1561306420759643, "job": 1, "event": "recovery_started", "log_files": [12]}
2019/06/23-17:13:40.759652 7f438f3b9700 [db/db_impl_open.cc:486] Recovering log #12 mode 2
2019/06/23-17:13:40.759743 7f438f3b9700 [db/version_set.cc:2419] Creating manifest 14
2019/06/23-17:13:40.761363 7f438f3b9700 EVENT_LOG_v1 {"time_micros": 1561306420761360, "job": 1, "event": "recovery_finished"}
2019/06/23-17:13:40.763421 7f438f3b9700 [db/db_impl_open.cc:1069] DB pointer 0x7f4338114b90
