2019/06/23-17:13:40.748662 7f438f3b9700 RocksDB version: 5.5.1
2019/06/23-17:13:40.748692 7f438f3b9700 Git sha rocksdb_build_git_sha:
2019/06/23-17:13:40.748695 7f438f3b9700 Compile date Jul  5 2017
2019/06/23-17:13:40.748696 7f438f3b9700 DB SUMMARY
2019/06/23-17:13:40.748742 7f438f3b9700 CURRENT file:  CURRENT
2019/06/23-17:13:40.748743 7f438f3b9700 IDENTITY file:  IDENTITY
2019/06/23-17:13:40.748747 7f438f3b9700 MANIFEST file:  MANIFEST-000011 size: 104 Bytes
2019/06/23-17:13:40.748748 7f438f3b9700 SST files in ./localdb/slave1/350,400 dir, Total Num: 1, files: 000004.sst 
2019/06/23-17:13:40.748750 7f438f3b9700 Write Ahead Log file in ./localdb/slave1/350,400: 000012.log size: 0 ; 
2019/06/23-17:13:40.748752 7f438f3b9700                         Options.error_if_exists: 0
2019/06/23-17:13:40.748753 7f438f3b9700                       Options.create_if_missing: 1
2019/06/23-17:13:40.748754 7f438f3b9700                         Options.paranoid_checks: 1
2019/06/23-17:13:40.748754 7f438f3b9700                                     Options.env: 0x7f439cace9c0
2019/06/23-17:13:40.748755 7f438f3b9700                                Options.info_log: 0x7f43380d58c0
2019/06/23-17:13:40.748756 7f438f3b9700                Options.max_file_opening_threads: 16
2019/06/23-17:13:40.748757 7f438f3b9700                               Options.use_fsync: 0
2019/06/23-17:13:40.748757 7f438f3b9700                       Options.max_log_file_size: 0
2019/06/23-17:13:40.748758 7f438f3b9700                  Options.max_manifest_file_size: 18446744073709551615
2019/06/23-17:13:40.748759 7f438f3b9700                   Options.log_file_time_to_roll: 0
2019/06/23-17:13:40.748760 7f438f3b9700                       Options.keep_log_file_num: 1000
2019/06/23-17:13:40.748761 7f438f3b9700                    Options.recycle_log_file_num: 0
2019/06/23-17:13:40.748761 7f438f3b9700                         Options.allow_fallocate: 1
2019/06/23-17:13:40.748762 7f438f3b9700                        Options.allow_mmap_reads: 0
2019/06/23-17:13:40.748763 7f438f3b9700                       Options.allow_mmap_writes: 0
2019/06/23-17:13:40.748763 7f438f3b9700                        Options.use_direct_reads: 0
2019/06/23-17:13:40.748764 7f438f3b9700                        Options.use_direct_io_for_flush_and_compaction: 0
2019/06/23-17:13:40.748765 7f438f3b9700          Options.create_missing_column_families: 0
2019/06/23-17:13:40.748766 7f438f3b9700                              Options.db_log_dir: 
2019/06/23-17:13:40.748766 7f438f3b9700                                 Options.wal_dir: ./localdb/slave1/350,400
2019/06/23-17:13:40.748767 7f438f3b9700                Options.table_cache_numshardbits: 6
2019/06/23-17:13:40.748768 7f438f3b9700                      Options.max_subcompactions: 1
2019/06/23-17:13:40.748768 7f438f3b9700                  Options.max_background_flushes: 1
2019/06/23-17:13:40.748769 7f438f3b9700                         Options.WAL_ttl_seconds: 0
2019/06/23-17:13:40.748770 7f438f3b9700                       Options.WAL_size_limit_MB: 0
2019/06/23-17:13:40.748771 7f438f3b9700             Options.manifest_preallocation_size: 4194304
2019/06/23-17:13:40.748771 7f438f3b9700                     Options.is_fd_close_on_exec: 1
2019/06/23-17:13:40.748772 7f438f3b9700                   Options.advise_random_on_open: 1
2019/06/23-17:13:40.748773 7f438f3b9700                    Options.db_write_buffer_size: 0
2019/06/23-17:13:40.748774 7f438f3b9700         Options.access_hint_on_compaction_start: 1
2019/06/23-17:13:40.748774 7f438f3b9700  Options.new_table_reader_for_compaction_inputs: 0
2019/06/23-17:13:40.748775 7f438f3b9700               Options.compaction_readahead_size: 0
2019/06/23-17:13:40.748776 7f438f3b9700           Options.random_access_max_buffer_size: 1048576
2019/06/23-17:13:40.748776 7f438f3b9700           Options.writable_file_max_buffer_size: 1048576
2019/06/23-17:13:40.748777 7f438f3b9700                      Options.use_adaptive_mutex: 0
2019/06/23-17:13:40.748778 7f438f3b9700                            Options.rate_limiter: (nil)
2019/06/23-17:13:40.748779 7f438f3b9700     Options.sst_file_manager.rate_bytes_per_sec: 0
2019/06/23-17:13:40.748790 7f438f3b9700                          Options.bytes_per_sync: 0
2019/06/23-17:13:40.748791 7f438f3b9700                      Options.wal_bytes_per_sync: 0
2019/06/23-17:13:40.748792 7f438f3b9700                       Options.wal_recovery_mode: 2
2019/06/23-17:13:40.748792 7f438f3b9700                  Options.enable_thread_tracking: 0
2019/06/23-17:13:40.748793 7f438f3b9700                  Options.enable_pipelined_write: 0
2019/06/23-17:13:40.748794 7f438f3b9700         Options.allow_concurrent_memtable_write: 1
2019/06/23-17:13:40.748794 7f438f3b9700      Options.enable_write_thread_adaptive_yield: 1
2019/06/23-17:13:40.748795 7f438f3b9700             Options.write_thread_max_yield_usec: 100
2019/06/23-17:13:40.748796 7f438f3b9700            Options.write_thread_slow_yield_usec: 3
2019/06/23-17:13:40.748797 7f438f3b9700                               Options.row_cache: None
2019/06/23-17:13:40.748797 7f438f3b9700                              Options.wal_filter: None
2019/06/23-17:13:40.748798 7f438f3b9700             Options.avoid_flush_during_recovery: 0
2019/06/23-17:13:40.748799 7f438f3b9700             Options.allow_ingest_behind: 0
2019/06/23-17:13:40.748800 7f438f3b9700             Options.base_background_compactions: 1
2019/06/23-17:13:40.748800 7f438f3b9700             Options.max_background_compactions: 1
2019/06/23-17:13:40.748801 7f438f3b9700             Options.avoid_flush_during_shutdown: 0
2019/06/23-17:13:40.748802 7f438f3b9700             Options.delayed_write_rate : 16777216
2019/06/23-17:13:40.748803 7f438f3b9700             Options.max_total_wal_size: 0
2019/06/23-17:13:40.748803 7f438f3b9700             Options.delete_obsolete_files_period_micros: 21600000000
2019/06/23-17:13:40.748804 7f438f3b9700                   Options.stats_dump_period_sec: 600
2019/06/23-17:13:40.748805 7f438f3b9700                          Options.max_open_files: -1
2019/06/23-17:13:40.748806 7f438f3b9700 Compression algorithms supported:
2019/06/23-17:13:40.748807 7f438f3b9700 	Snappy supported: 1
2019/06/23-17:13:40.748808 7f438f3b9700 	Zlib supported: 1
2019/06/23-17:13:40.748808 7f438f3b9700 	Bzip supported: 1
2019/06/23-17:13:40.748809 7f438f3b9700 	LZ4 supported: 1
2019/06/23-17:13:40.748810 7f438f3b9700 	ZSTD supported: 1
2019/06/23-17:13:40.748811 7f438f3b9700 Fast CRC32 supported: 0
2019/06/23-17:13:40.749168 7f438f3b9700 [db/version_set.cc:2633] Recovering from manifest file: MANIFEST-000011
2019/06/23-17:13:40.749256 7f438f3b9700 [db/column_family.cc:414] --------------- Options for column family [default]:
2019/06/23-17:13:40.749258 7f438f3b9700               Options.comparator: leveldb.BytewiseComparator
2019/06/23-17:13:40.749259 7f438f3b9700           Options.merge_operator: None
2019/06/23-17:13:40.749260 7f438f3b9700        Options.compaction_filter: None
2019/06/23-17:13:40.749261 7f438f3b9700        Options.compaction_filter_factory: None
2019/06/23-17:13:40.749261 7f438f3b9700         Options.memtable_factory: SkipListFactory
2019/06/23-17:13:40.749262 7f438f3b9700            Options.table_factory: BlockBasedTable
2019/06/23-17:13:40.749287 7f438f3b9700            table_factory options:   flush_block_policy_factory: FlushBlockBySizePolicyFactory (0x7f43380e3f50)
  cache_index_and_filter_blocks: 0
  cache_index_and_filter_blocks_with_high_priority: 0
  pin_l0_filter_and_index_blocks_in_cache: 0
  index_type: 0
  hash_index_allow_collision: 1
  checksum: 1
  no_block_cache: 0
  block_cache: 0x7f43380e2e08
  block_cache_name: LRUCache
  block_cache_options:
    capacity : 8388608
    num_shard_bits : 4
    strict_capacity_limit : 0
    high_pri_pool_ratio: 0,000
  block_cache_compressed: (nil)
  persistent_cache: (nil)
  block_size: 4096
  block_size_deviation: 10
  block_restart_interval: 16
  index_block_restart_interval: 1
  filter_policy: nullptr
  whole_key_filtering: 1
  format_version: 2
2019/06/23-17:13:40.749289 7f438f3b9700        Options.write_buffer_size: 67108864
2019/06/23-17:13:40.749290 7f438f3b9700  Options.max_write_buffer_number: 2
2019/06/23-17:13:40.749291 7f438f3b9700          Options.compression: Snappy
2019/06/23-17:13:40.749305 7f438f3b9700                  Options.bottommost_compression: Disabled
2019/06/23-17:13:40.749306 7f438f3b9700       Options.prefix_extractor: nullptr
2019/06/23-17:13:40.749307 7f438f3b9700   Options.memtable_insert_with_hint_prefix_extractor: nullptr
2019/06/23-17:13:40.749307 7f438f3b9700             Options.num_levels: 7
2019/06/23-17:13:40.749308 7f438f3b9700        Options.min_write_buffer_number_to_merge: 1
2019/06/23-17:13:40.749309 7f438f3b9700     Options.max_write_buffer_number_to_maintain: 0
2019/06/23-17:13:40.749309 7f438f3b9700            Options.compression_opts.window_bits: -14
2019/06/23-17:13:40.749310 7f438f3b9700                  Options.compression_opts.level: -1
2019/06/23-17:13:40.749311 7f438f3b9700               Options.compression_opts.strategy: 0
2019/06/23-17:13:40.749312 7f438f3b9700         Options.compression_opts.max_dict_bytes: 0
2019/06/23-17:13:40.749313 7f438f3b9700      Options.level0_file_num_compaction_trigger: 4
2019/06/23-17:13:40.749313 7f438f3b9700          Options.level0_slowdown_writes_trigger: 20
2019/06/23-17:13:40.749314 7f438f3b9700              Options.level0_stop_writes_trigger: 36
2019/06/23-17:13:40.749315 7f438f3b9700                   Options.target_file_size_base: 67108864
2019/06/23-17:13:40.749315 7f438f3b9700             Options.target_file_size_multiplier: 1
2019/06/23-17:13:40.749316 7f438f3b9700                Options.max_bytes_for_level_base: 268435456
2019/06/23-17:13:40.749317 7f438f3b9700 Options.level_compaction_dynamic_level_bytes: 0
2019/06/23-17:13:40.749318 7f438f3b9700          Options.max_bytes_for_level_multiplier: 10,000000
2019/06/23-17:13:40.749320 7f438f3b9700 Options.max_bytes_for_level_multiplier_addtl[0]: 1
2019/06/23-17:13:40.749320 7f438f3b9700 Options.max_bytes_for_level_multiplier_addtl[1]: 1
2019/06/23-17:13:40.749321 7f438f3b9700 Options.max_bytes_for_level_multiplier_addtl[2]: 1
2019/06/23-17:13:40.749322 7f438f3b9700 Options.max_bytes_for_level_multiplier_addtl[3]: 1
2019/06/23-17:13:40.749323 7f438f3b9700 Options.max_bytes_for_level_multiplier_addtl[4]: 1
2019/06/23-17:13:40.749323 7f438f3b9700 Options.max_bytes_for_level_multiplier_addtl[5]: 1
2019/06/23-17:13:40.749324 7f438f3b9700 Options.max_bytes_for_level_multiplier_addtl[6]: 1
2019/06/23-17:13:40.749325 7f438f3b9700       Options.max_sequential_skip_in_iterations: 8
2019/06/23-17:13:40.749326 7f438f3b9700                    Options.max_compaction_bytes: 1677721600
2019/06/23-17:13:40.749326 7f438f3b9700                        Options.arena_block_size: 8388608
2019/06/23-17:13:40.749327 7f438f3b9700   Options.soft_pending_compaction_bytes_limit: 68719476736
2019/06/23-17:13:40.749328 7f438f3b9700   Options.hard_pending_compaction_bytes_limit: 274877906944
2019/06/23-17:13:40.749329 7f438f3b9700       Options.rate_limit_delay_max_milliseconds: 100
2019/06/23-17:13:40.749329 7f438f3b9700                Options.disable_auto_compactions: 0
2019/06/23-17:13:40.749331 7f438f3b9700                        Options.compaction_style: kCompactionStyleLevel
2019/06/23-17:13:40.749331 7f438f3b9700                          Options.compaction_pri: kByCompensatedSize
2019/06/23-17:13:40.749332 7f438f3b9700 Options.compaction_options_universal.size_ratio: 1
2019/06/23-17:13:40.749333 7f438f3b9700 Options.compaction_options_universal.min_merge_width: 2
2019/06/23-17:13:40.749334 7f438f3b9700 Options.compaction_options_universal.max_merge_width: 4294967295
2019/06/23-17:13:40.749334 7f438f3b9700 Options.compaction_options_universal.max_size_amplification_percent: 200
2019/06/23-17:13:40.749335 7f438f3b9700 Options.compaction_options_universal.compression_size_percent: -1
2019/06/23-17:13:40.749336 7f438f3b9700 Options.compaction_options_universal.stop_style: kCompactionStopStyleTotalSize
2019/06/23-17:13:40.749337 7f438f3b9700 Options.compaction_options_fifo.max_table_files_size: 1073741824
2019/06/23-17:13:40.749338 7f438f3b9700 Options.compaction_options_fifo.allow_compaction: 0
2019/06/23-17:13:40.749338 7f438f3b9700                   Options.table_properties_collectors: 
2019/06/23-17:13:40.749344 7f438f3b9700                   Options.inplace_update_support: 0
2019/06/23-17:13:40.749345 7f438f3b9700                 Options.inplace_update_num_locks: 10000
2019/06/23-17:13:40.749345 7f438f3b9700               Options.memtable_prefix_bloom_size_ratio: 0,000000
2019/06/23-17:13:40.749347 7f438f3b9700   Options.memtable_huge_page_size: 0
2019/06/23-17:13:40.749347 7f438f3b9700                           Options.bloom_locality: 0
2019/06/23-17:13:40.749348 7f438f3b9700                    Options.max_successive_merges: 0
2019/06/23-17:13:40.749349 7f438f3b9700                Options.optimize_filters_for_hits: 0
2019/06/23-17:13:40.749350 7f438f3b9700                Options.paranoid_file_checks: 0
2019/06/23-17:13:40.749350 7f438f3b9700                Options.force_consistency_checks: 0
2019/06/23-17:13:40.749351 7f438f3b9700                Options.report_bg_io_stats: 0
2019/06/23-17:13:40.751569 7f438f3b9700 [db/version_set.cc:2884] Recovered from manifest file:./localdb/slave1/350,400/MANIFEST-000011 succeeded,manifest_file_number is 11, next_file_number is 13, last_sequence is 1495, log_number is 0,prev_log_number is 0,max_column_family is 0
2019/06/23-17:13:40.751576 7f438f3b9700 [db/version_set.cc:2892] Column family [default] (ID 0), log number is 10
2019/06/23-17:13:40.751655 7f438f3b9700 EVENT_LOG_v1 {"time_micros": 1561306420751650, "job": 1, "event": "recovery_started", "log_files": [12]}
2019/06/23-17:13:40.751658 7f438f3b9700 [db/db_impl_open.cc:486] Recovering log #12 mode 2
2019/06/23-17:13:40.751763 7f438f3b9700 [db/version_set.cc:2419] Creating manifest 14
2019/06/23-17:13:40.753508 7f438f3b9700 EVENT_LOG_v1 {"time_micros": 1561306420753502, "job": 1, "event": "recovery_finished"}
2019/06/23-17:13:40.755868 7f438f3b9700 [db/db_impl_open.cc:1069] DB pointer 0x7f43380e0900
