2019/06/23-17:13:40.742564 7f438f3b9700 RocksDB version: 5.5.1
2019/06/23-17:13:40.742582 7f438f3b9700 Git sha rocksdb_build_git_sha:
2019/06/23-17:13:40.742584 7f438f3b9700 Compile date Jul  5 2017
2019/06/23-17:13:40.742585 7f438f3b9700 DB SUMMARY
2019/06/23-17:13:40.742619 7f438f3b9700 CURRENT file:  CURRENT
2019/06/23-17:13:40.742621 7f438f3b9700 IDENTITY file:  IDENTITY
2019/06/23-17:13:40.742624 7f438f3b9700 MANIFEST file:  MANIFEST-000011 size: 104 Bytes
2019/06/23-17:13:40.742626 7f438f3b9700 SST files in ./localdb/slave1/300,350 dir, Total Num: 1, files: 000004.sst 
2019/06/23-17:13:40.742627 7f438f3b9700 Write Ahead Log file in ./localdb/slave1/300,350: 000012.log size: 0 ; 
2019/06/23-17:13:40.742629 7f438f3b9700                         Options.error_if_exists: 0
2019/06/23-17:13:40.742630 7f438f3b9700                       Options.create_if_missing: 1
2019/06/23-17:13:40.742630 7f438f3b9700                         Options.paranoid_checks: 1
2019/06/23-17:13:40.742631 7f438f3b9700                                     Options.env: 0x7f439cace9c0
2019/06/23-17:13:40.742632 7f438f3b9700                                Options.info_log: 0x7f4338076cf0
2019/06/23-17:13:40.742633 7f438f3b9700                Options.max_file_opening_threads: 16
2019/06/23-17:13:40.742633 7f438f3b9700                               Options.use_fsync: 0
2019/06/23-17:13:40.742634 7f438f3b9700                       Options.max_log_file_size: 0
2019/06/23-17:13:40.742635 7f438f3b9700                  Options.max_manifest_file_size: 18446744073709551615
2019/06/23-17:13:40.742636 7f438f3b9700                   Options.log_file_time_to_roll: 0
2019/06/23-17:13:40.742636 7f438f3b9700                       Options.keep_log_file_num: 1000
2019/06/23-17:13:40.742637 7f438f3b9700                    Options.recycle_log_file_num: 0
2019/06/23-17:13:40.742638 7f438f3b9700                         Options.allow_fallocate: 1
2019/06/23-17:13:40.742639 7f438f3b9700                        Options.allow_mmap_reads: 0
2019/06/23-17:13:40.742639 7f438f3b9700                       Options.allow_mmap_writes: 0
2019/06/23-17:13:40.742640 7f438f3b9700                        Options.use_direct_reads: 0
2019/06/23-17:13:40.742641 7f438f3b9700                        Options.use_direct_io_for_flush_and_compaction: 0
2019/06/23-17:13:40.742641 7f438f3b9700          Options.create_missing_column_families: 0
2019/06/23-17:13:40.742642 7f438f3b9700                              Options.db_log_dir: 
2019/06/23-17:13:40.742643 7f438f3b9700                                 Options.wal_dir: ./localdb/slave1/300,350
2019/06/23-17:13:40.742643 7f438f3b9700                Options.table_cache_numshardbits: 6
2019/06/23-17:13:40.742644 7f438f3b9700                      Options.max_subcompactions: 1
2019/06/23-17:13:40.742645 7f438f3b9700                  Options.max_background_flushes: 1
2019/06/23-17:13:40.742646 7f438f3b9700                         Options.WAL_ttl_seconds: 0
2019/06/23-17:13:40.742646 7f438f3b9700                       Options.WAL_size_limit_MB: 0
2019/06/23-17:13:40.742647 7f438f3b9700             Options.manifest_preallocation_size: 4194304
2019/06/23-17:13:40.742648 7f438f3b9700                     Options.is_fd_close_on_exec: 1
2019/06/23-17:13:40.742648 7f438f3b9700                   Options.advise_random_on_open: 1
2019/06/23-17:13:40.742649 7f438f3b9700                    Options.db_write_buffer_size: 0
2019/06/23-17:13:40.742650 7f438f3b9700         Options.access_hint_on_compaction_start: 1
2019/06/23-17:13:40.742650 7f438f3b9700  Options.new_table_reader_for_compaction_inputs: 0
2019/06/23-17:13:40.742651 7f438f3b9700               Options.compaction_readahead_size: 0
2019/06/23-17:13:40.742652 7f438f3b9700           Options.random_access_max_buffer_size: 1048576
2019/06/23-17:13:40.742653 7f438f3b9700           Options.writable_file_max_buffer_size: 1048576
2019/06/23-17:13:40.742653 7f438f3b9700                      Options.use_adaptive_mutex: 0
2019/06/23-17:13:40.742654 7f438f3b9700                            Options.rate_limiter: (nil)
2019/06/23-17:13:40.742655 7f438f3b9700     Options.sst_file_manager.rate_bytes_per_sec: 0
2019/06/23-17:13:40.742663 7f438f3b9700                          Options.bytes_per_sync: 0
2019/06/23-17:13:40.742664 7f438f3b9700                      Options.wal_bytes_per_sync: 0
2019/06/23-17:13:40.742665 7f438f3b9700                       Options.wal_recovery_mode: 2
2019/06/23-17:13:40.742666 7f438f3b9700                  Options.enable_thread_tracking: 0
2019/06/23-17:13:40.742666 7f438f3b9700                  Options.enable_pipelined_write: 0
2019/06/23-17:13:40.742667 7f438f3b9700         Options.allow_concurrent_memtable_write: 1
2019/06/23-17:13:40.742668 7f438f3b9700      Options.enable_write_thread_adaptive_yield: 1
2019/06/23-17:13:40.742668 7f438f3b9700             Options.write_thread_max_yield_usec: 100
2019/06/23-17:13:40.742669 7f438f3b9700            Options.write_thread_slow_yield_usec: 3
2019/06/23-17:13:40.742670 7f438f3b9700                               Options.row_cache: None
2019/06/23-17:13:40.742670 7f438f3b9700                              Options.wal_filter: None
2019/06/23-17:13:40.742671 7f438f3b9700             Options.avoid_flush_during_recovery: 0
2019/06/23-17:13:40.742672 7f438f3b9700             Options.allow_ingest_behind: 0
2019/06/23-17:13:40.742673 7f438f3b9700             Options.base_background_compactions: 1
2019/06/23-17:13:40.742673 7f438f3b9700             Options.max_background_compactions: 1
2019/06/23-17:13:40.742674 7f438f3b9700             Options.avoid_flush_during_shutdown: 0
2019/06/23-17:13:40.742675 7f438f3b9700             Options.delayed_write_rate : 16777216
2019/06/23-17:13:40.742676 7f438f3b9700             Options.max_total_wal_size: 0
2019/06/23-17:13:40.742676 7f438f3b9700             Options.delete_obsolete_files_period_micros: 21600000000
2019/06/23-17:13:40.742677 7f438f3b9700                   Options.stats_dump_period_sec: 600
2019/06/23-17:13:40.742678 7f438f3b9700                          Options.max_open_files: -1
2019/06/23-17:13:40.742679 7f438f3b9700 Compression algorithms supported:
2019/06/23-17:13:40.742679 7f438f3b9700 	Snappy supported: 1
2019/06/23-17:13:40.742680 7f438f3b9700 	Zlib supported: 1
2019/06/23-17:13:40.742681 7f438f3b9700 	Bzip supported: 1
2019/06/23-17:13:40.742682 7f438f3b9700 	LZ4 supported: 1
2019/06/23-17:13:40.742683 7f438f3b9700 	ZSTD supported: 1
2019/06/23-17:13:40.742683 7f438f3b9700 Fast CRC32 supported: 0
2019/06/23-17:13:40.742911 7f438f3b9700 [db/version_set.cc:2633] Recovering from manifest file: MANIFEST-000011
2019/06/23-17:13:40.742979 7f438f3b9700 [db/column_family.cc:414] --------------- Options for column family [default]:
2019/06/23-17:13:40.742981 7f438f3b9700               Options.comparator: leveldb.BytewiseComparator
2019/06/23-17:13:40.742981 7f438f3b9700           Options.merge_operator: None
2019/06/23-17:13:40.742982 7f438f3b9700        Options.compaction_filter: None
2019/06/23-17:13:40.742983 7f438f3b9700        Options.compaction_filter_factory: None
2019/06/23-17:13:40.742984 7f438f3b9700         Options.memtable_factory: SkipListFactory
2019/06/23-17:13:40.742984 7f438f3b9700            Options.table_factory: BlockBasedTable
2019/06/23-17:13:40.743006 7f438f3b9700            table_factory options:   flush_block_policy_factory: FlushBlockBySizePolicyFactory (0x7f43380d46e0)
  cache_index_and_filter_blocks: 0
  cache_index_and_filter_blocks_with_high_priority: 0
  pin_l0_filter_and_index_blocks_in_cache: 0
  index_type: 0
  hash_index_allow_collision: 1
  checksum: 1
  no_block_cache: 0
  block_cache: 0x7f43380d27c8
  block_cache_name: LRUCache
  block_cache_options:
    capacity : 8388608
    num_shard_bits : 4
    strict_capacity_limit : 0
    high_pri_pool_ratio: 0,000
  block_cache_compressed: (nil)
  persistent_cache: (nil)
  block_size: 4096
  block_size_deviation: 10
  block_restart_interval: 16
  index_block_restart_interval: 1
  filter_policy: nullptr
  whole_key_filtering: 1
  format_version: 2
2019/06/23-17:13:40.743007 7f438f3b9700        Options.write_buffer_size: 67108864
2019/06/23-17:13:40.743008 7f438f3b9700  Options.max_write_buffer_number: 2
2019/06/23-17:13:40.743009 7f438f3b9700          Options.compression: Snappy
2019/06/23-17:13:40.743019 7f438f3b9700                  Options.bottommost_compression: Disabled
2019/06/23-17:13:40.743020 7f438f3b9700       Options.prefix_extractor: nullptr
2019/06/23-17:13:40.743020 7f438f3b9700   Options.memtable_insert_with_hint_prefix_extractor: nullptr
2019/06/23-17:13:40.743021 7f438f3b9700             Options.num_levels: 7
2019/06/23-17:13:40.743022 7f438f3b9700        Options.min_write_buffer_number_to_merge: 1
2019/06/23-17:13:40.743023 7f438f3b9700     Options.max_write_buffer_number_to_maintain: 0
2019/06/23-17:13:40.743023 7f438f3b9700            Options.compression_opts.window_bits: -14
2019/06/23-17:13:40.743024 7f438f3b9700                  Options.compression_opts.level: -1
2019/06/23-17:13:40.743025 7f438f3b9700               Options.compression_opts.strategy: 0
2019/06/23-17:13:40.743025 7f438f3b9700         Options.compression_opts.max_dict_bytes: 0
2019/06/23-17:13:40.743026 7f438f3b9700      Options.level0_file_num_compaction_trigger: 4
2019/06/23-17:13:40.743027 7f438f3b9700          Options.level0_slowdown_writes_trigger: 20
2019/06/23-17:13:40.743028 7f438f3b9700              Options.level0_stop_writes_trigger: 36
2019/06/23-17:13:40.743028 7f438f3b9700                   Options.target_file_size_base: 67108864
2019/06/23-17:13:40.743029 7f438f3b9700             Options.target_file_size_multiplier: 1
2019/06/23-17:13:40.743030 7f438f3b9700                Options.max_bytes_for_level_base: 268435456
2019/06/23-17:13:40.743030 7f438f3b9700 Options.level_compaction_dynamic_level_bytes: 0
2019/06/23-17:13:40.743031 7f438f3b9700          Options.max_bytes_for_level_multiplier: 10,000000
2019/06/23-17:13:40.743033 7f438f3b9700 Options.max_bytes_for_level_multiplier_addtl[0]: 1
2019/06/23-17:13:40.743034 7f438f3b9700 Options.max_bytes_for_level_multiplier_addtl[1]: 1
2019/06/23-17:13:40.743035 7f438f3b9700 Options.max_bytes_for_level_multiplier_addtl[2]: 1
2019/06/23-17:13:40.743035 7f438f3b9700 Options.max_bytes_for_level_multiplier_addtl[3]: 1
2019/06/23-17:13:40.743036 7f438f3b9700 Options.max_bytes_for_level_multiplier_addtl[4]: 1
2019/06/23-17:13:40.743037 7f438f3b9700 Options.max_bytes_for_level_multiplier_addtl[5]: 1
2019/06/23-17:13:40.743037 7f438f3b9700 Options.max_bytes_for_level_multiplier_addtl[6]: 1
2019/06/23-17:13:40.743038 7f438f3b9700       Options.max_sequential_skip_in_iterations: 8
2019/06/23-17:13:40.743039 7f438f3b9700                    Options.max_compaction_bytes: 1677721600
2019/06/23-17:13:40.743040 7f438f3b9700                        Options.arena_block_size: 8388608
2019/06/23-17:13:40.743040 7f438f3b9700   Options.soft_pending_compaction_bytes_limit: 68719476736
2019/06/23-17:13:40.743041 7f438f3b9700   Options.hard_pending_compaction_bytes_limit: 274877906944
2019/06/23-17:13:40.743042 7f438f3b9700       Options.rate_limit_delay_max_milliseconds: 100
2019/06/23-17:13:40.743043 7f438f3b9700                Options.disable_auto_compactions: 0
2019/06/23-17:13:40.743044 7f438f3b9700                        Options.compaction_style: kCompactionStyleLevel
2019/06/23-17:13:40.743045 7f438f3b9700                          Options.compaction_pri: kByCompensatedSize
2019/06/23-17:13:40.743046 7f438f3b9700 Options.compaction_options_universal.size_ratio: 1
2019/06/23-17:13:40.743047 7f438f3b9700 Options.compaction_options_universal.min_merge_width: 2
2019/06/23-17:13:40.743047 7f438f3b9700 Options.compaction_options_universal.max_merge_width: 4294967295
2019/06/23-17:13:40.743048 7f438f3b9700 Options.compaction_options_universal.max_size_amplification_percent: 200
2019/06/23-17:13:40.743049 7f438f3b9700 Options.compaction_options_universal.compression_size_percent: -1
2019/06/23-17:13:40.743050 7f438f3b9700 Options.compaction_options_universal.stop_style: kCompactionStopStyleTotalSize
2019/06/23-17:13:40.743051 7f438f3b9700 Options.compaction_options_fifo.max_table_files_size: 1073741824
2019/06/23-17:13:40.743051 7f438f3b9700 Options.compaction_options_fifo.allow_compaction: 0
2019/06/23-17:13:40.743052 7f438f3b9700                   Options.table_properties_collectors: 
2019/06/23-17:13:40.743058 7f438f3b9700                   Options.inplace_update_support: 0
2019/06/23-17:13:40.743058 7f438f3b9700                 Options.inplace_update_num_locks: 10000
2019/06/23-17:13:40.743059 7f438f3b9700               Options.memtable_prefix_bloom_size_ratio: 0,000000
2019/06/23-17:13:40.743060 7f438f3b9700   Options.memtable_huge_page_size: 0
2019/06/23-17:13:40.743061 7f438f3b9700                           Options.bloom_locality: 0
2019/06/23-17:13:40.743061 7f438f3b9700                    Options.max_successive_merges: 0
2019/06/23-17:13:40.743062 7f438f3b9700                Options.optimize_filters_for_hits: 0
2019/06/23-17:13:40.743063 7f438f3b9700                Options.paranoid_file_checks: 0
2019/06/23-17:13:40.743064 7f438f3b9700                Options.force_consistency_checks: 0
2019/06/23-17:13:40.743064 7f438f3b9700                Options.report_bg_io_stats: 0
2019/06/23-17:13:40.743566 7f438f3b9700 [db/version_set.cc:2884] Recovered from manifest file:./localdb/slave1/300,350/MANIFEST-000011 succeeded,manifest_file_number is 11, next_file_number is 13, last_sequence is 1529, log_number is 0,prev_log_number is 0,max_column_family is 0
2019/06/23-17:13:40.743569 7f438f3b9700 [db/version_set.cc:2892] Column family [default] (ID 0), log number is 10
2019/06/23-17:13:40.743623 7f438f3b9700 EVENT_LOG_v1 {"time_micros": 1561306420743619, "job": 1, "event": "recovery_started", "log_files": [12]}
2019/06/23-17:13:40.743626 7f438f3b9700 [db/db_impl_open.cc:486] Recovering log #12 mode 2
2019/06/23-17:13:40.743699 7f438f3b9700 [db/version_set.cc:2419] Creating manifest 14
2019/06/23-17:13:40.745262 7f438f3b9700 EVENT_LOG_v1 {"time_micros": 1561306420745257, "job": 1, "event": "recovery_finished"}
2019/06/23-17:13:40.747616 7f438f3b9700 [db/db_impl_open.cc:1069] DB pointer 0x7f43380cca70
